[[0.0, 6.066770431923052, 6.32068309818602, 6.26874607672081, 6.416488307785251, 21.610604770573204, 9.778694744268556, 9.636480719106299, 10.809869424557196, 13.655636063420973, 14.545333563652463, 12.788952734358617, 12.898653034519247, 11.469346598424623, 13.667384782822456, 12.210193794817748, 13.860087814587096, 14.433284342722775, 15.3993848806784, 16.82602961036772, 13.218612135402664, 8.686229855969385, 15.410021941500018, 6.602906299602629, 7.599578031357801, 6.267140585063324, 9.475156828051734, 10.609222531973394, 10.481003795616573, 10.206795962383453, 10.389411862154319, 11.114118228114545, 10.830534384357405, 13.447317611197118, 14.784983438439658, 14.785863434933466, 12.156947568643128, 12.044163742654735, 11.916147092088336, 12.369721960809999, 13.743507392467746, 17.95590421692418, 11.223060975675669, 15.727696336495056, 17.023463342409595, 17.839433322895292, 15.377427021391787, 16.194890747956382, 5.169548649926292, 7.98361981075163, 19.971192705019615, 24.076632976720912, 20.436028479612254, 38.20111181588363, 14.153479175297, 13.728732986079484, 18.843647913387418, 15.263857746054121, 15.066040544474502, 14.770629313055949, 17.463896431833824, 20.62160590037768, 16.57758231997696, 16.521733455975173, 15.176255679250783, 18.138051049832526, 19.62102464439227, 22.140637089320457, 15.258323855254352, 13.235984517558697, 16.648988853347714, 15.057489172924454, 19.78661202520651, 20.82558694152189, 20.455048537565222, 15.908749409507594, 15.321601552098162, 17.82091379857298, 17.381129319634493, 19.97437654339709, 15.388720116610767, 13.872632674813124, 17.098821049629365, 16.039808029984137, 12.610972825331746, 12.354791019390298, 12.905295217425916, 16.1829638058415, 13.985260906341068, 17.099793569134803, 13.155648343245618, 13.892885869228866, 13.111784477146015, 13.134159204532702, 14.498575800703883, 15.127189114734463, 12.16843471807988, 13.912672477404032, 19.024741188307992, 14.04024183820668, 13.523918371116505, 13.312311339937766], [6.066770431923052, 0.0, 4.554822734067631, 3.8088481971926047, 4.878964753709958, 23.699942977654963, 8.195053501959759, 6.227917030393881, 9.255523219227168, 11.871164519402722, 13.034658731777915, 11.932116484321398, 11.212488457420955, 10.705580816075344, 10.784927215404128, 9.787875362771569, 12.735637166120007, 14.091196708992948, 13.443392430737555, 15.209437603914521, 11.392133692588702, 8.05961340428103, 12.916964898754191, 6.6144259430831465, 5.024862697791665, 4.891850383662999, 7.448884621287622, 10.257328673359002, 7.955817765407936, 8.173942895226638, 10.068116884865198, 9.7403761831666, 8.450082719790753, 10.514377103552896, 13.423215558011115, 13.123891110398667, 11.423872390925826, 11.762880739669113, 11.124455655451415, 11.026756055347454, 11.306411578171415, 13.374680273636708, 9.527236252231097, 11.758176084922356, 14.450441847027317, 13.654410085363999, 12.860638877945973, 17.51628332642219, 5.769286057851897, 6.136534413610195, 19.08169283311405, 22.749758688001332, 18.6819542632619, 32.244523294964125, 13.141544552086536, 13.185855928546598, 19.268977111565867, 13.825585732355849, 14.406172135421969, 12.932035966102085, 16.486071244706977, 18.846665496553193, 15.53169694872495, 15.062632399906429, 15.05392893674089, 17.867071982422388, 21.05729657178902, 26.76114910886683, 14.351343928655213, 11.94795599754448, 15.119909765117178, 12.323554708587725, 14.425725823232337, 14.968896010483101, 16.143945073177225, 13.66185864318864, 12.567527533426748, 13.773538125989294, 14.924751379022505, 15.76985142079269, 12.44964921765942, 12.857064216636227, 14.131905192859806, 12.746341496516367, 12.063624218692626, 10.072199397382908, 11.952587700877304, 13.449225304848733, 10.500799252128235, 15.703111456244711, 11.544996015690877, 12.984314919489748, 11.76779176453222, 12.279651179410989, 12.113902588251435, 12.281131602596563, 13.895992513139731, 11.95741180600588, 15.89089405283266, 10.659676030139408, 12.730863503442325, 12.244780415338552], [6.32068309818602, 4.554822734067631, -2.220446049250313e-14, 3.1004793548928267, 3.9536672307077914, 19.244880467703098, 8.170629664764316, 6.533501453769541, 7.06301869117193, 10.144743190889194, 10.370106321808558, 9.383027974075864, 9.69975789970018, 8.434768920404911, 8.618599769018598, 7.428919192349637, 10.297300183171188, 12.73798147748365, 10.504727181275397, 11.420942599295081, 8.580253286650674, 7.296480027654151, 8.789755652356446, 5.246906847742039, 4.5686776529839985, 4.164912076188598, 6.41463422418429, 7.773965148429884, 7.143958388247606, 5.316548671751542, 7.092325410367762, 6.944726306041393, 6.2539799185954426, 7.834498870117878, 9.640949663625243, 10.320111557485701, 7.977538633966397, 8.545610870520449, 7.453459539916052, 8.43882223282183, 10.07551803250517, 12.51038068773357, 7.183169577991089, 11.101802763584889, 12.246043203552336, 12.858748155705957, 11.00911351945284, 16.313380725072857, 8.080278558577659, 7.229848022065166, 15.138496161025172, 19.26473377392288, 13.444358456391537, 33.95705882103126, 12.12961374055358, 11.095956118377192, 17.99058540918449, 12.296585267133564, 13.162747953524912, 11.158756600457288, 15.744798366144352, 18.78272294698321, 12.859469105101972, 13.223852314229989, 12.801310706409442, 14.262111410057976, 17.854630046855434, 21.197103945821038, 12.945486840703257, 11.04229049947426, 14.963572793632219, 13.205947791450146, 15.507863602419913, 17.080198359937405, 18.30667068916889, 14.968695064877357, 13.138398003115547, 15.093356410786264, 15.805046537084088, 17.27903429624844, 13.07552392121064, 11.249904207734884, 14.007550502416944, 12.762286395189681, 11.267130574464135, 10.364945439371775, 11.298824407516229, 13.276596664590945, 11.019750905722947, 13.854896693093933, 9.134387625560258, 12.202396846802143, 11.83812476541367, 11.327345948761035, 12.291305320061197, 13.546786096970486, 13.425456180185947, 11.873410842091147, 15.503135085348196, 10.436594518309484, 11.664329269775175, 10.524362256478659], [6.26874607672081, 3.8088481971926047, 3.1004793548928267, -2.220446049250313e-14, 3.5114407180203755, 19.092282656401583, 8.867833773867007, 5.482480492288366, 6.005279305437627, 8.954487364563878, 8.982233061978173, 8.852752402214502, 8.560743155643081, 7.522544403086395, 8.350955590113518, 6.865242088803325, 9.636487805704109, 12.01471989154289, 9.253047787074864, 10.492255223594793, 7.4662980162010895, 6.175959698020794, 8.423056156400499, 4.679921051171421, 4.37037187306113, 4.2704428211210566, 5.504588306858649, 7.641150035467459, 5.896571672275441, 5.0277129565153285, 6.751337502933852, 6.5759652912949385, 6.094611844502484, 7.131482888239482, 9.618487304428358, 10.299311859627158, 7.60695562649577, 8.188440709686539, 7.0479322363134145, 8.026211051299947, 9.533444021040427, 12.233440948036002, 6.24792641112033, 11.131257930495153, 12.9021298283985, 13.483837631931017, 11.096056195358084, 16.75766300628192, 7.418761250252592, 5.836297546657376, 15.748097315767073, 20.215628600077686, 12.79710698189228, 34.28950214248761, 10.997331046425252, 11.352211989683292, 18.368042516189618, 12.516888428958362, 13.961764392415766, 11.201421253800492, 14.876152675476927, 17.421516578626452, 12.990875641890398, 13.313399600017073, 12.336632014096772, 14.91132347847357, 18.28629394186502, 21.68619781774822, 13.103051996409976, 10.497909165726648, 13.961230972956551, 12.836070703418635, 14.37335685393466, 16.254721237227443, 17.540217341236197, 14.209454343633066, 11.53024670865297, 14.371027531951508, 14.932933034746409, 17.098020431351546, 12.089116245553644, 10.191538606379346, 13.24830518199943, 12.2285986338585, 10.822442401113975, 8.974501929618462, 9.8874692853395, 12.425081580945808, 9.854748235209165, 11.84649181902545, 8.511965724451331, 9.780485816820217, 9.974173001052112, 10.016522120057548, 11.100395265372654, 12.811713461225837, 12.181281489269624, 10.497099603920413, 13.713369830373335, 9.494714988603658, 9.940311217086794, 9.561939955176202], [6.416488307785251, 4.878964753709958, 3.9536672307077914, 3.5114407180203755, 0.0, 18.017406945483383, 9.969907367960829, 6.899617204053676, 6.7726057293583715, 9.384724015644208, 9.303913594164225, 7.893968956958652, 8.893736735997837, 8.615444194677446, 8.873756424810953, 6.91191622584425, 10.100271044267695, 11.987206557019103, 10.12533304691866, 11.326318808645508, 8.744367279173183, 6.008587234950646, 9.447764775834388, 4.014518168554549, 5.195854469315386, 3.7664249422008633, 6.950539363649799, 8.122116339928787, 6.107268029044233, 5.756335918847388, 7.27883297200087, 7.439958116019829, 6.900019923250344, 7.949861892631782, 9.734528951941702, 10.464227918772306, 8.300527032002014, 9.639330501759014, 8.438146345102805, 8.441910795213992, 9.032474980788285, 12.846934629706642, 6.283768428758907, 11.381171209799945, 12.904202835620904, 13.10957662240828, 11.396934556667482, 15.749756430438866, 6.910471932959905, 6.682684254688742, 14.750751094867109, 19.181625169738425, 13.282284150544577, 34.66085353619529, 12.580863779850205, 12.373052403465646, 17.59228183426468, 12.670526559686335, 14.728309743580914, 12.816002527781677, 16.258842606507994, 16.792401229125854, 13.480131116303962, 13.94907273163125, 13.028302845329154, 15.277656329761403, 16.785443462147043, 20.330251834618686, 14.15030741051938, 11.564173426670965, 15.021430870445151, 14.921299956612799, 16.860176914120938, 19.10310645128037, 20.468684528026905, 15.340557424785873, 14.735566073921103, 17.130633198849498, 15.717653094676255, 19.34908116150016, 14.179005664934664, 11.413289649014525, 16.29114894477466, 14.36846193663649, 12.551602779884764, 11.139619401506184, 10.911735163519577, 15.086425701655015, 11.877892923200095, 13.487899817077043, 9.184334708414188, 12.13468276518801, 11.899780948892612, 11.299109294510023, 13.68044790941072, 15.655990801370056, 13.281807030719062, 12.67061662936727, 16.08778579947834, 11.189524516891291, 11.003615457762184, 10.640925452517823], [21.610604770573204, 23.699942977654963, 19.244880467703098, 19.092282656401583, 18.017406945483383, 0.0, 27.791091605148498, 24.00348145198108, 23.971086167603417, 27.286549521886982, 25.575590903833945, 25.216460604479284, 23.93452945220156, 25.21650025439942, 26.231721992032277, 23.402416365984145, 26.266256278104905, 27.90318193056427, 25.88774495321712, 27.075434317820513, 22.65074050767155, 22.731143602918134, 25.189148189907662, 18.244599902842427, 23.2528217822528, 22.393871898685358, 23.962664644270014, 25.081169096551235, 24.444930068526027, 20.950927251837292, 20.736765401937863, 22.425933536881224, 23.90486986983533, 25.147304058731514, 26.289677653604482, 26.552740525239805, 25.6001422045007, 24.615022062761582, 23.91747704484437, 25.719561992308716, 27.889546158671628, 31.37083998249669, 22.335587151311532, 31.918645100950506, 30.917471286408503, 32.47402932405458, 30.37239961058571, 31.57808583301961, 28.031322031959082, 28.751516171326543, 28.414522018988997, 34.32387690258023, 28.211575921041877, 57.79449384545583, 27.01448590200044, 24.944321864230943, 32.40013995924098, 28.263958770792573, 29.307605727744434, 27.326536454125193, 31.86248538392319, 35.993435376036146, 28.337103305236568, 29.989643254010844, 25.67702185911451, 28.059938548783848, 29.201595413128878, 30.68253113308479, 27.43775501069908, 28.079100351645494, 33.539556025226545, 29.889267215404146, 34.48098443794368, 35.43476824915898, 36.06109628865223, 32.96460119926202, 31.050165691272703, 31.67090145227491, 34.861598936218115, 37.01279580797957, 31.073358872982915, 27.74239210107541, 32.83433779492909, 32.17927216360656, 27.110246122295912, 26.020288238737333, 23.08435162307011, 30.20668420520063, 27.937941193774186, 25.30930095521715, 22.530573497078787, 26.07142701731542, 27.28228356034199, 23.73843133985479, 27.14863909699028, 31.330389386509204, 26.154736236868402, 26.802398998365696, 31.728062241308518, 25.714155844380528, 24.837073352415985, 26.089180909828336], [9.778694744268556, 8.195053501959759, 8.170629664764316, 8.867833773867007, 9.969907367960829, 27.791091605148498, 1.1102230246251565e-14, 3.956940541203202, 7.621975970117878, 8.812433928382735, 10.152512722855612, 9.039446610183932, 9.074784161528104, 7.330397942200218, 8.221928400924627, 8.292176581121547, 8.729811237607056, 8.836127619120425, 10.003981663154548, 11.48148159795561, 9.03547993602053, 7.123730595780686, 11.956785555489802, 7.513879104020782, 6.185970351612713, 6.686955464553856, 9.146655094233857, 12.734835015444768, 11.578292094117792, 11.487931477481073, 11.972313192467944, 11.353302811616416, 10.03233122117062, 12.670822018573446, 15.59792878638292, 14.86683165218301, 14.542089952047766, 13.898487298483907, 14.336851793290572, 14.098972510812413, 15.08969719114923, 16.23263799142731, 13.521889117061125, 14.71578795572286, 16.96540290224301, 16.38325579372628, 14.963326353984908, 19.888439225192457, 10.73172350436311, 11.128882590012157, 18.586656972748507, 23.323475760612734, 19.390445090069697, 30.242129798581765, 14.69071311137845, 14.757077190712476, 19.6721434811179, 14.642966475132868, 14.544823287851315, 15.139732354004432, 17.846153119878792, 21.6849092673983, 16.75434613223836, 16.005060983598952, 16.970514668836888, 18.922272665991358, 21.973916093315694, 26.56127044504575, 16.180062860452427, 14.317751619871256, 17.347640154470678, 14.050641245416129, 17.49318497106076, 18.17282749644282, 18.046514240379686, 14.176510143829235, 13.622352611076604, 16.594194452411813, 16.53981180940618, 16.551269136335012, 14.27075441776452, 15.118502329623052, 16.07823100943572, 13.444306276740036, 13.82025948573029, 11.865935910189595, 12.923073263819784, 13.15719372159716, 11.497082249495882, 16.591529992555042, 13.130240225586743, 14.021301639912064, 13.091072290226979, 13.085850140163757, 12.220356790395526, 12.47368095265512, 14.307423783329243, 12.08793633314098, 16.021261419310427, 10.77802637451989, 13.761934045650314, 14.024948343992417], [9.636480719106299, 6.227917030393881, 6.533501453769541, 5.482480492288366, 6.899617204053676, 24.00348145198108, 3.956940541203202, 2.220446049250313e-14, 4.321871794432708, 6.3472095951372705, 6.4188578047037925, 6.71867014088392, 5.3271575522322205, 5.346448784820956, 5.2263586026688795, 5.288879621949249, 5.2566876167493115, 6.6272714262541665, 6.288146334024091, 8.116414991100807, 4.912780548995366, 4.314202343468631, 6.868987629515466, 5.484431987663962, 4.414558714149209, 5.073053417832485, 5.923332439419027, 10.124316946951417, 7.542943619524333, 6.753495590098401, 8.475705163757375, 7.2311930246210965, 7.056691114442771, 8.427740543927609, 11.148886297251515, 11.411458206852476, 10.673569634842451, 10.48058407371607, 9.751734014623425, 9.85803413692694, 11.004469687040741, 11.84790772936093, 9.148903289248711, 11.501926485998537, 13.810415554652323, 13.574616871674861, 11.868327576833149, 17.911623881819516, 9.932341780809717, 8.680289826932109, 15.386879383884366, 21.00362875550085, 15.916195251000453, 30.16198898939996, 11.362970604117972, 12.55294619256917, 18.456902300309597, 12.778159641898768, 14.042353219268733, 12.399697056561788, 15.804211010780566, 19.41438741158955, 13.991088827251819, 14.79673927306504, 13.564753681397711, 16.175798885433977, 19.696353146360444, 23.39573499785075, 13.588980704586506, 12.27680115894172, 15.786670170688621, 13.065283488082823, 14.881517555745383, 15.401000007345, 16.03505982420945, 12.816703612396395, 11.654417697236397, 13.77327661781087, 14.901185409146233, 15.77986189775632, 12.320989530808946, 13.194636996289233, 14.139382211749174, 12.091487891456998, 11.188287921601914, 8.96679294926771, 10.351324174082709, 11.14209499503822, 8.59627395929884, 12.434379280691898, 9.97557095724304, 10.088317836098582, 10.40425944485489, 10.15019351814026, 9.67759141388732, 10.93223972259757, 12.707924321992348, 9.482173007314554, 13.461928110653487, 9.09488892855842, 10.450115689528294, 11.089764762626986], [10.809869424557196, 9.255523219227168, 7.06301869117193, 6.005279305437627, 6.7726057293583715, 23.971086167603417, 7.621975970117878, 4.321871794432708, 2.220446049250313e-14, 3.6221867909717376, 3.6725369382704987, 3.8667994010412876, 5.302110309733532, 2.8367585534439965, 3.271063267833818, 3.0258925696272865, 4.297005194116976, 5.843666383161972, 3.2837116466682748, 3.902763899027051, 3.792063237060128, 4.22782330993453, 4.277172275582708, 4.501913994961648, 5.147690434402142, 5.958172992702615, 6.110560591301361, 6.073936898905008, 5.6547645174574335, 4.359889620516544, 5.9049115441623385, 5.264888435669701, 5.336800382201556, 5.353313300517282, 6.45796276129863, 7.157150290836967, 5.932385406270846, 5.871727200162624, 5.008587070751547, 6.542939627435285, 8.018512945733491, 10.466371250889061, 4.9904312292881166, 9.38593817690333, 10.41772669399914, 11.486147804063885, 8.227469088776374, 13.08766893647475, 12.771792918680347, 8.740964874170675, 13.939254191703409, 18.35152958694635, 12.360943489167509, 34.69485997008118, 12.207154069841087, 13.016961093013402, 17.53924369131218, 12.367550463078913, 14.698658548525302, 12.506307135055316, 15.198388320158973, 17.78366800335911, 13.831078418125642, 13.455608433144238, 12.325693530244465, 14.537606498227474, 17.53599745822747, 21.09516218935441, 13.836806639337729, 12.247380829750343, 15.725522755766974, 17.357838209546316, 18.942741513745553, 20.751591197057408, 22.790533004587566, 16.61270772082516, 15.900860276804984, 19.615022915667502, 16.939085316976442, 20.54963560901266, 15.079170610178693, 12.799425532129538, 17.345203091213357, 15.433398802754805, 13.76943515061102, 11.923438961244736, 11.436054594861556, 15.272581290265796, 12.900608317099937, 13.712416894250323, 9.532272365580363, 11.215148183267631, 11.75631260283323, 11.289392920841411, 13.404987262123191, 15.77877245024506, 13.185187994155445, 12.301165285148564, 15.057113678479773, 11.361285165005953, 10.838474575385948, 9.468685763284423], [13.655636063420973, 11.871164519402722, 10.144743190889194, 8.954487364563878, 9.384724015644208, 27.286549521886982, 8.812433928382735, 6.3472095951372705, 3.6221867909717376, 0.0, 3.5684932641145806, 3.7523654199315915, 5.189870371642014, 3.0586057352016693, 3.525203515494635, 3.5901635625811723, 4.710918286570176, 5.419069806997323, 4.135985036486478, 4.34166444309766, 5.449857946527548, 4.580646512551912, 7.875511892553966, 8.088651778776235, 8.52530587361634, 8.03370160414605, 8.573146650321206, 7.619407974949888, 7.035233361851323, 6.806700977094893, 7.705264666298916, 8.489061863799597, 7.397836410968228, 8.416109038792218, 9.694636078554764, 10.183194259200523, 7.977658582943614, 8.104544491421473, 8.104538757437806, 9.413175519146522, 9.96800003450209, 13.216252171616249, 7.0682574882344635, 11.211686078347983, 12.935270943931421, 13.944782454929683, 10.380235648903247, 12.839542000411775, 16.088137426052263, 11.559937766003692, 17.92620276330782, 22.41217029803767, 16.561584338129443, 35.56026885183069, 17.50731957831546, 16.351712347504222, 21.28843346056084, 16.877100067612016, 17.6174344849791, 16.389071418933632, 18.545730682563732, 19.8846849004623, 17.741944418509426, 17.288718196043597, 17.285535087136406, 19.20942631714744, 21.787949256778006, 24.28491981552331, 17.51927577569252, 15.8815507815531, 18.972659265948987, 20.333039682639697, 21.30996494197943, 23.15524998254127, 25.298582201941343, 19.953314749526264, 18.97380075370353, 22.070301650298095, 18.7249606137999, 22.77820232765705, 19.00306691046768, 16.46044170517531, 20.457795227732078, 17.37725924774439, 16.950469039200122, 15.040401638526046, 14.657869209833763, 18.481482530510608, 16.425825346382005, 16.406374070385077, 13.18160443231422, 15.396426030854581, 13.700803216222502, 14.116529090077822, 16.257674951886724, 18.508570651517985, 16.79765475985311, 16.35999551483763, 18.88038557770031, 13.877853846698985, 15.304507161653568, 11.683846184233971], [14.545333563652463, 13.034658731777915, 10.370106321808558, 8.982233061978173, 9.303913594164225, 25.575590903833945, 10.152512722855612, 6.4188578047037925, 3.6725369382704987, 3.5684932641145806, 1.1102230246251565e-14, 2.961970760564081, 3.296056608843234, 3.9124061894572404, 4.3194927791208375, 2.946894006467504, 4.169050522546492, 4.3849117534983995, 2.5001863863546525, 2.4224543515299013, 3.156934553999946, 4.412323342519664, 6.260677729554187, 8.63582089893562, 8.54210933723476, 8.892280548086207, 8.136002003803434, 9.809414750180402, 8.774518450070424, 7.195394264283084, 9.201814332877479, 9.15578725953069, 10.070417374743235, 9.761965921203918, 10.818183593804076, 12.764587052573084, 9.284845485477945, 10.63788323001229, 9.47418458365209, 10.951223692177535, 13.699453220565339, 15.934197744078338, 8.791647494039045, 15.161301497644864, 16.52640388728632, 17.159010987999135, 13.533160600025006, 17.556277576753676, 17.569951319558385, 12.799251479693618, 20.230134694731127, 25.405374317313733, 15.97088640008193, 40.743024588713695, 17.23924228861512, 18.81058823739069, 24.71598435482647, 18.956539696659156, 20.937211936610577, 18.52823017171259, 20.776249821907, 21.531558211161727, 18.806401498618563, 19.534050867409768, 18.757460376255853, 20.890867637682074, 23.7293366775701, 25.059574022007393, 19.998766644164345, 17.64409762629574, 21.41071404861027, 20.912096305880613, 22.590616205650814, 24.68311107204387, 26.588631217751647, 20.984133884743763, 19.857421443602252, 22.25531241979003, 21.23746108264678, 24.003273402454873, 20.419644088764922, 17.495475943957338, 22.16366435792436, 20.29378768154656, 18.20306961314507, 15.293567593859924, 15.958103190440964, 19.24563731857968, 16.598883868082392, 15.972031530481933, 13.787116774546583, 15.847991375818948, 15.972610585500203, 14.469322988350964, 16.83268464368841, 19.851449948652235, 17.97344075982319, 16.3801249141572, 18.42050517381305, 14.844012858123158, 14.982271246183732, 13.590504878007724], [12.788952734358617, 11.932116484321398, 9.383027974075864, 8.852752402214502, 7.893968956958652, 25.216460604479284, 9.039446610183932, 6.71867014088392, 3.8667994010412876, 3.7523654199315915, 2.961970760564081, 0.0, 4.047030203653657, 3.429095564742013, 4.074188198236584, 2.4137430230389056, 4.204060403587961, 4.294136001646997, 3.1140369759211417, 3.681430074029679, 4.448514990885377, 4.635438566774697, 7.428972829336433, 7.849949762684371, 7.703870063519702, 7.615008407539225, 7.557782677669067, 8.461538206936115, 7.507447162929514, 6.664101351874563, 8.421077429122349, 8.138646063084254, 8.676415290895678, 9.222962909183641, 9.165062551994453, 10.689423980131195, 8.248351632818363, 9.288404061449484, 8.74369008977155, 9.475451887275133, 11.274187441425177, 15.108829258068834, 8.27530741886422, 13.172366758178766, 13.965727192611421, 14.301887897642052, 11.55212401664204, 15.977283214992255, 15.144155674297632, 11.040652584438693, 16.83027646276939, 20.901644000308472, 14.551536288075473, 39.287789944240714, 15.687916065894248, 15.68085520933813, 20.140853769470844, 15.651974457212637, 16.635415249499708, 16.087668373834994, 18.10698131791584, 19.578098523896347, 15.719870118538859, 16.193609443450285, 15.83414479788211, 17.95613698439381, 19.562715586948286, 21.833079281520483, 17.103098929037298, 15.407370210293713, 19.41580512457123, 19.438725633368747, 22.78425937235202, 24.072402487660316, 25.23267084936175, 19.98875538234094, 18.994388984363276, 21.745820798626635, 19.767112133902998, 22.42170061155855, 18.53661492685671, 15.843575733449434, 20.985021337361577, 18.8345052858929, 16.267705420224733, 14.738262239302703, 15.565880455931136, 18.970924110982914, 15.799250649455443, 16.490705236311687, 12.384891094198858, 15.569791653873132, 15.06396058135807, 13.708942664432577, 16.560208683785717, 19.24442546781998, 16.388415399964117, 15.847003795055015, 18.005112902662713, 13.62796789292987, 13.7113452792481, 11.3172674852147], [12.898653034519247, 11.212488457420955, 9.69975789970018, 8.560743155643081, 8.893736735997837, 23.93452945220156, 9.074784161528104, 5.3271575522322205, 5.302110309733532, 5.189870371642014, 3.296056608843234, 4.047030203653657, 0.0, 3.867169704637785, 5.314604899241237, 3.741202346743988, 3.4949888192554734, 3.7342544797313026, 3.896591051810172, 4.743206971537095, 3.530132187268231, 3.7719473254379743, 7.675370534278525, 9.320547841693461, 7.632400883977608, 8.182568355518328, 6.590727697031539, 9.645842467520705, 7.70373393337096, 7.369612310483853, 7.731200767993296, 7.8370756258204555, 9.06687769164163, 10.04863930670632, 11.233136435407653, 12.69324440841001, 9.121081089518102, 10.505537315494317, 9.909498245036751, 10.430316634935732, 12.438249622781116, 15.843855441038412, 8.99700183344001, 14.372480966390267, 16.029268334234615, 16.35667386694838, 13.22921607866906, 18.11830536981296, 15.526609870041518, 12.827409783983, 18.97003751826093, 24.830994692297313, 16.595744955790217, 36.489096594252445, 14.586734581185768, 15.495028158744262, 22.735599261795592, 17.421523618248948, 17.606418963745607, 16.432942075563528, 18.41545625241503, 19.86346825507995, 16.458860642407757, 17.124496689334745, 16.980429639588944, 18.65470917723607, 21.61039838106279, 22.992164125279814, 15.443813507924975, 13.830609953880613, 16.74010679433946, 16.37211182888294, 17.241088301212738, 17.96185235563478, 19.145694841860017, 16.531457138327976, 14.933798023865352, 15.441112093429732, 15.536842925477657, 17.980915727337575, 14.953869886386173, 14.75854944356465, 16.279555593453164, 15.261595954132535, 13.240758726777669, 11.735045355029749, 14.02297057719376, 15.443728556472058, 13.12926373601757, 14.226941413776451, 11.152477495354308, 13.26327054566212, 13.434827175638508, 13.571615999330755, 12.717828361628591, 14.876422189444638, 15.019295285548317, 14.305934467839943, 16.607424812195926, 12.018019843708972, 12.825477367402405, 12.30356946398441], [11.469346598424623, 10.705580816075344, 8.434768920404911, 7.522544403086395, 8.615444194677446, 25.21650025439942, 7.330397942200218, 5.346448784820956, 2.8367585534439965, 3.0586057352016693, 3.9124061894572404, 3.429095564742013, 3.867169704637785, 0.0, 3.3794846233639375, 2.953721780309382, 3.0633654087074302, 3.7371392884035126, 3.297027064283775, 3.968242254637677, 3.9359846529624543, 3.975542745449334, 5.957290682710392, 7.126184665322432, 6.493123692457803, 7.028228588984209, 6.366744807060298, 6.729649587977072, 6.202508854663402, 5.858395357817181, 5.9797646552867345, 6.537036108742833, 6.1333760010844, 7.256388153042426, 7.511211409067586, 7.915065474796156, 6.3983033960335, 6.419002279955799, 6.363891760242135, 7.047261767431157, 8.573145829388007, 11.74868299095576, 6.650351124477227, 10.15204203106589, 11.015584680973245, 11.92860126069315, 9.134358632605943, 12.434026615441319, 14.607529947989894, 11.47139280277002, 14.419886290376372, 18.74554051946493, 13.838859380742818, 33.41926883724105, 12.921425751613958, 12.42014571994784, 17.413925076642577, 13.126633159717615, 13.674663784163343, 12.853691863290173, 14.520593632544522, 17.13905540380424, 13.414632807060267, 13.177204561627477, 13.470118589084146, 14.819844578121867, 17.091912516662333, 19.551094109889856, 12.229294530828593, 11.995059845181421, 15.316088787218007, 16.996203484462523, 17.615780355586864, 19.04456849871119, 20.61631407262713, 15.78883689504449, 14.840478744025965, 18.048673593655586, 15.275734203078828, 18.288609197956717, 14.491377007594174, 13.157007306646928, 15.991659038604144, 13.875764199910689, 12.272826781398594, 11.578269789975003, 12.677768384805955, 15.16335708572829, 13.649272402835333, 14.417407730025522, 10.66075361015143, 11.826015884667928, 12.199489094139837, 12.379398825132215, 12.684575493017158, 14.543953344841897, 13.309554862724815, 13.317266680482842, 15.916834463074213, 11.221047890170688, 11.762041129649226, 9.774620986227323], [13.667384782822456, 10.784927215404128, 8.618599769018598, 8.350955590113518, 8.873756424810953, 26.231721992032277, 8.221928400924627, 5.2263586026688795, 3.271063267833818, 3.525203515494635, 4.3194927791208375, 4.074188198236584, 5.314604899241237, 3.3794846233639375, 0.0, 3.115267037458358, 3.5684707288420214, 4.6952576413977765, 4.385670878914016, 4.794992540662745, 4.665109788202193, 5.150269527661566, 6.21264759519029, 7.673570253274997, 6.749193285885269, 6.50765527250633, 6.934709243070369, 7.794083548610809, 7.016084929661837, 5.9932808653088365, 7.534498278140179, 7.220809153751673, 7.3473074524225135, 8.332379409435609, 8.36197041463983, 9.556202507081702, 8.092096371704937, 7.671568990309552, 6.950320815492095, 9.349572585596933, 10.110487137538748, 12.702925089111982, 7.4865829724970805, 10.9702116150876, 12.421794563242926, 13.69547460552366, 10.099250587470387, 12.780974702045977, 14.516534270574677, 10.450822266238513, 17.164294542179913, 21.379216911359833, 16.8870340912887, 35.52246052018286, 16.21746873901727, 15.468397436132896, 20.145151214131364, 16.150313804942673, 16.68681779943767, 15.802464785071047, 18.572061069096403, 21.753905086605286, 16.797584272037604, 16.29937768752101, 15.414687500317847, 17.021450209736344, 19.716235476973164, 24.173375103855076, 16.00267358016556, 14.337768557313858, 17.567396462599493, 17.678205389533364, 20.385320314544153, 21.048706309599417, 23.230629136325078, 19.1573830921422, 17.819589991981054, 20.258238840055355, 17.910579015409056, 21.41476386539938, 17.364007902976198, 15.652799204781198, 18.57353853635856, 16.72904022422944, 15.875347678335938, 14.428243715020162, 15.289474710056716, 17.5660464167423, 15.233421749022536, 17.108978774887916, 13.026308963962418, 15.519524450077004, 15.22080558440495, 15.440939693291334, 15.959020675888736, 17.77710354659645, 16.98653914877484, 15.823018440463022, 18.78237855866599, 13.77246692222771, 14.238589962725644, 11.867035118461756], [12.210193794817748, 9.787875362771569, 7.428919192349637, 6.865242088803325, 6.91191622584425, 23.402416365984145, 8.292176581121547, 5.288879621949249, 3.0258925696272865, 3.5901635625811723, 2.946894006467504, 2.4137430230389056, 3.741202346743988, 2.953721780309382, 3.115267037458358, 0.0, 3.0975220325973662, 4.478373400090396, 2.7243813473523892, 3.3259975192136193, 3.4949034862703288, 3.815320175404857, 5.235611204246116, 6.507948495944005, 6.704854464621313, 5.807581110574422, 6.163798237103457, 7.464412327652525, 6.099242552698536, 5.5029758831757425, 6.726322248570726, 6.630924220994383, 7.0661633860401585, 7.4573311815557375, 7.624732337473161, 8.97881690750072, 6.876408488717045, 7.5733637233749596, 7.29869979773905, 7.918677542270148, 9.705443535140612, 12.623868807270778, 6.828491469497033, 11.394326050116621, 12.365339605828417, 12.298509502640409, 10.114482673988734, 14.675985472614006, 14.042159530339738, 9.84192387788898, 14.955432346799713, 19.10303212580857, 12.92138751208256, 35.07820593279436, 14.182753691963601, 13.602824632951915, 18.14142771152175, 13.785235285153853, 14.928880698627555, 13.51726866627373, 15.826725918661522, 17.73811634158321, 13.786499950905739, 13.745136869316942, 13.631918029756617, 15.666592473316232, 17.810494455916103, 21.464116948469137, 14.888410418104293, 13.227037020722776, 17.58635775502081, 17.026328740608687, 19.346077682257356, 20.822002012334583, 22.906222265209596, 18.445699895162505, 16.559139186541195, 19.042782522504574, 17.32029075724355, 20.052229201024076, 16.488196469572568, 14.267414608956141, 18.209311399652993, 16.116316970107736, 14.023426697132413, 12.43930379727095, 13.375736257383053, 16.460146732985336, 13.959411445663738, 14.100133460681253, 10.657807510372141, 13.402721903245451, 13.28926812066431, 12.219170811041502, 14.333931247270426, 16.38204040908452, 15.2423975453583, 13.547480954556157, 16.319304836832693, 11.417213231856104, 12.20670807979224, 10.218310001074704], [13.860087814587096, 12.735637166120007, 10.297300183171188, 9.636487805704109, 10.100271044267695, 26.266256278104905, 8.729811237607056, 5.2566876167493115, 4.297005194116976, 4.710918286570176, 4.169050522546492, 4.204060403587961, 3.4949888192554734, 3.0633654087074302, 3.5684707288420214, 3.0975220325973662, -2.220446049250313e-14, 2.849085106128424, 3.675137239486592, 4.3789578297509735, 3.358102978945554, 4.761831002528638, 5.416214845066936, 9.1105428951076, 7.371796869078673, 7.4537300403121565, 7.053003142317782, 9.126710556299377, 8.253170994338898, 6.901026487459172, 7.449743597019265, 7.68661924964773, 8.814529358988455, 9.696331720520124, 9.703671131173175, 11.098164189541105, 8.841790673489392, 8.94295291023689, 8.677462838452321, 10.081840747611981, 11.835325485664129, 14.763448342958386, 9.465212522104826, 13.783685997448913, 14.46902768118008, 15.620332932316083, 12.354700232848526, 15.546039350220642, 16.008825584393193, 12.71182717348822, 16.673240881056827, 21.982196885260997, 16.360309067891333, 34.68507875838639, 15.687326599424622, 14.846747623919299, 20.229166732170878, 16.659066140812516, 16.757405466651278, 15.68497162744703, 17.92028352298487, 20.85500879487051, 15.763303637150127, 15.906300171193678, 15.592476983822667, 16.9669148381402, 20.265158040130892, 22.648836713859943, 15.004974629605506, 13.941856312717803, 16.898603867260988, 16.754351702242467, 19.59748315819959, 20.325814006149333, 21.384146855387343, 17.36784489751617, 16.00278122738189, 18.476900523356, 16.52710240223635, 19.42381753953091, 16.515705996704654, 15.35768313295749, 16.542836794421888, 15.071697991011357, 13.89108875258861, 13.724526739909205, 15.295340953722414, 16.49558413137695, 14.646940717246359, 15.760611250832623, 12.568504836526673, 13.931445815641785, 14.685536033092339, 15.149336815695147, 14.255798644128747, 15.98350045306669, 15.951190493010337, 15.274991326073351, 18.615588774191384, 13.146038056483711, 13.677804230088652, 11.92808055564939], [14.433284342722775, 14.091196708992948, 12.73798147748365, 12.01471989154289, 11.987206557019103, 27.90318193056427, 8.836127619120425, 6.6272714262541665, 5.843666383161972, 5.419069806997323, 4.3849117534983995, 4.294136001646997, 3.7342544797313026, 3.7371392884035126, 4.6952576413977765, 4.478373400090396, 2.849085106128424, 0.0, 4.565231448761331, 5.702988918599916, 5.2502948264441685, 5.279906701139325, 8.592143336456925, 10.7632967135199, 9.141341454925833, 9.431390373939742, 8.620919203128963, 9.84966744480631, 10.550778824210438, 9.813450730353646, 9.46119294007637, 9.59653095351537, 10.807084193230331, 12.688595293954396, 12.806183865250498, 13.57941037674637, 11.394132583303552, 11.855811095337632, 11.467413881687015, 12.686760838575683, 14.981037020586541, 18.351283543739292, 11.459919191602207, 15.939621994514141, 17.43418846842314, 18.54209261668479, 14.532312250141931, 16.53668269656339, 17.608222847569998, 15.073199946546668, 19.135725765479116, 24.75970658765203, 19.589553372466384, 37.7112069678162, 16.3072426581069, 16.34007003111749, 20.86926143094151, 17.598232782904443, 17.227597494107926, 17.822202900739804, 18.682050422010143, 20.95155459651934, 16.750084013157807, 17.45611002801548, 16.92410681936073, 18.64715476998181, 20.050175262805226, 23.996448725263598, 16.793694147175508, 15.343001341080576, 18.19736803490486, 17.984710709963036, 21.627688199225336, 21.296576637395546, 22.678453389907073, 18.011836477311338, 17.817194055215303, 19.56693262120742, 17.112480883000792, 20.35283199101826, 17.56797749770671, 17.006002444718703, 19.393022825919793, 17.161000287572836, 15.049731583465142, 14.360947555983849, 16.127649761531227, 16.787091826698585, 15.07203122359404, 16.905072642269914, 13.822656146584523, 15.244880872799326, 15.215784066582305, 14.648559960878128, 14.505712296728657, 16.615727111834044, 15.795606063819434, 15.802870303776317, 17.399633717857732, 13.63180774633671, 13.739287521765931, 13.32427962452737], [15.3993848806784, 13.443392430737555, 10.504727181275397, 9.253047787074864, 10.12533304691866, 25.88774495321712, 10.003981663154548, 6.288146334024091, 3.2837116466682748, 4.135985036486478, 2.5001863863546525, 3.1140369759211417, 3.896591051810172, 3.297027064283775, 4.385670878914016, 2.7243813473523892, 3.675137239486592, 4.565231448761331, 0.0, 2.187607849169637, 2.873653399183318, 5.0007053297524084, 4.7120526316906, 7.97094400088858, 8.249505855276729, 9.27946253416636, 7.638346793409346, 8.236489895140153, 7.810312674185371, 6.667889058780807, 7.806648164738606, 7.547698616518817, 8.693417326515728, 7.816860676559701, 8.108276346667509, 9.155798146934146, 7.6871259111447205, 8.667835802333379, 7.69567809270002, 8.685275325066444, 11.208940623495344, 13.122407019482207, 7.990736034752688, 12.43633622396133, 13.61137490352583, 13.572128504392001, 10.580132960595101, 16.468066028026207, 18.62267268688885, 13.388476245201343, 14.645803288641378, 18.99862829163078, 12.295163758524941, 34.983705758767016, 14.873265721804396, 14.661620085188233, 20.36046802049567, 15.173506810650606, 17.194624069366547, 14.388924312814522, 16.428677110577073, 17.4677366391636, 14.782971127013322, 15.797361632964947, 14.93704644823336, 16.57670418914714, 20.32656682472943, 22.134258358316718, 16.267361902665456, 16.077399122872215, 20.22355529047054, 20.89162789044936, 21.455833587594043, 22.801065845415025, 24.568254702037386, 20.153357638348414, 18.434783180781476, 20.783040738211167, 20.571831527421036, 22.581255420751944, 18.54155644441321, 16.102233045462768, 19.98352832335881, 18.373891879154336, 15.877108597775258, 14.427304756569349, 14.571397708596512, 17.671688023437927, 15.9265513052664, 15.8030804704414, 12.218535200088798, 13.134780943931679, 14.633492009657145, 14.097281093563375, 15.106552009645213, 18.59150078085028, 17.18919610070436, 14.931001101950747, 17.0486613530084, 13.648965790703816, 14.160750877098305, 12.680533764946421], [16.82602961036772, 15.209437603914521, 11.420942599295081, 10.492255223594793, 11.326318808645508, 27.075434317820513, 11.48148159795561, 8.116414991100807, 3.902763899027051, 4.34166444309766, 2.4224543515299013, 3.681430074029679, 4.743206971537095, 3.968242254637677, 4.794992540662745, 3.3259975192136193, 4.3789578297509735, 5.702988918599916, 2.187607849169637, -2.220446049250313e-14, 3.0219173358129847, 5.880748784488632, 5.605154302419713, 9.321517214742325, 9.638161560331305, 10.54398838144187, 9.181756198141066, 9.233966060990095, 9.10421275570863, 7.154782367841728, 8.619920989974839, 8.794037286566535, 9.712730042014261, 9.454761213384554, 9.387271124339291, 10.639624948177461, 8.393387073763648, 9.476085826283754, 8.309230724907046, 9.697956000665132, 12.76789308600721, 14.546393927929858, 8.217198251986634, 13.646177747009247, 13.94946244076769, 15.36062588345899, 11.979984973680535, 16.707641264403648, 20.077242807132855, 14.983317011990716, 18.47963811531367, 22.76984506910733, 14.98050175979464, 39.44920843872512, 18.0274863130938, 18.66213810739704, 24.189049925250437, 18.53626565235088, 20.46390337789683, 18.070758755819107, 19.418783244079506, 20.150686072880685, 17.777264739502264, 19.12126767294704, 18.387105321244313, 20.16167575587945, 23.1734226515374, 24.197593294921738, 18.875921108630045, 18.074142529915104, 22.60581659480514, 23.364195679117973, 24.472502854338572, 26.478491330637077, 27.944640829221747, 22.33569070776583, 21.05711158748129, 23.734210972708702, 22.88242779464894, 25.294134266880587, 21.01117655759187, 17.86930848548446, 22.80802029450345, 20.450951547595775, 18.62453860882428, 17.35644862252339, 17.494016747632624, 20.27654424781149, 18.632163160678594, 17.948272186198587, 13.96455051194212, 16.721763493714402, 17.17033627174729, 16.275216764022815, 18.18852877755902, 21.841425901228252, 19.631055498744853, 17.8835879509589, 18.902760789326734, 15.880290081345139, 15.215474092843085, 13.868694595579267], [13.218612135402664, 11.392133692588702, 8.580253286650674, 7.4662980162010895, 8.744367279173183, 22.65074050767155, 9.03547993602053, 4.912780548995366, 3.792063237060128, 5.449857946527548, 3.156934553999946, 4.448514990885377, 3.530132187268231, 3.9359846529624543, 4.665109788202193, 3.4949034862703288, 3.358102978945554, 5.25029